            MAM      JJA      SON      DJF

1981	   18.429  -26.402   24.817  -15.348
1982	  -70.291  101.176  168.778  144.680
1983	    1.842  -17.861  -87.885   -8.246
1984	   52.288   22.465   13.290  -51.874
1985	    8.532  -56.972  -84.756  -30.747
1986	  109.945  132.565   80.162   46.896
1987	   -2.434  111.033    2.346   -5.866
1988	  -23.649  -26.461   24.863  -57.883
1989	  -86.857 -148.378  -83.460  -30.174
1990	   62.351  -35.941   -7.289   13.887
1991	  105.981   95.832  131.277  101.875
1992	  141.336   46.711    3.300   86.373
1993	   82.333  -60.202  -11.881   -5.244
1994	   87.620   61.147  138.723   27.267
1995	  -24.124  201.720  -22.727   -0.049
1996	  -89.389  -88.002  -54.979  -14.736
1997	  105.981   95.832  131.277   95.172
1998	  -69.474 -215.581 -163.941 -113.671
1999	  -85.162  -61.902  -95.963   -4.707
2000	 -125.622  -23.778   88.354   36.855
2001	  -32.473   -8.075 -143.319  -70.884
2002	  143.600   83.938  111.973   28.745
2003	  -26.050  -90.262   44.062  -46.570
2004	  -97.224   20.707   40.593  -21.433
2005	   69.369   59.590    0.564  -24.026
2006	  -75.492   24.400   -2.203   56.164
2007	   18.697   21.593  -34.215  -69.819
2008	  -17.604  -47.369 -162.375 -117.434
2009	  -90.472   12.045  118.157   80.586
2010	  -91.988 -183.569 -167.547 -132.587
2011	 -114.291  -48.564  -80.790  -18.872
2012	  -22.242    4.051    9.851   -3.549
2013	 -114.875  -86.865   -1.611   89.324
2014	  -39.268  -35.040   46.850   33.821
2015	   -3.401   72.906  101.902   52.755
2016	  -32.431 -137.110  -53.241   56.144
2017	 -116.380  -17.564   -0.061  -80.093
2018	  -20.895  -95.451  -39.416   13.538
2019	  -90.876


*usando arquivo zh.mon.ano.nc
*valores acima de 100

PSA+

mam 86(61,63) 91(121,123) 92(133,135) 97(193,195) 02(253,255)

jja 82(16,18) 86(64,66) 87(76,78) 94(160,162) 95(172,174) 02(256,258) 

son 82(19,21) 91(124,126) 09(340,342) 15(415,417) 

djf 82(22,24) 91(127,129)


PSA-

mam 00(229,231) 11(361,363) 13(365,367) 17(433,435)

jja 89(97,100) 98(208,210) 10(352,354) 16(424,426)

son 98(211,213) 01(247,250) 08(331,333) 10(355,357)  

djf 98(214,216) 08(334,336) 10(358,360)
