   18.429
  -26.402
   24.817
  -15.348
  -70.291
  101.176
  168.778
  144.680
    1.842
  -17.861
  -87.885
   -8.246
   52.288
   22.465
   13.290
  -51.874
    8.532
  -56.972
  -84.756
  -30.747
  109.945
  132.565
   80.162
   46.896
   -2.434
  111.033
    2.346
   -5.866
  -23.649
  -26.461
   24.863
  -57.883
  -86.857
 -148.378
  -83.460
  -30.174
   62.351
  -35.941
   -7.289
   13.887
  105.981
   95.832
  131.277
  101.875
  141.336
   46.711
    3.300
   86.373
   82.333
  -60.202
  -11.881
   -5.244
   87.620
   61.147
  138.723
   27.267
  -24.124
  201.720
  -22.727
   -0.049
  -89.389
  -88.002
  -54.979
  -14.736
  105.981
   95.832
  131.277
   95.172
  -69.474
 -215.581
 -163.941
 -113.671
  -85.162
  -61.902
  -95.963
   -4.707
 -125.622
  -23.778
   88.354
   36.855
  -32.473
   -8.075
 -143.319
  -70.884
  143.600
   83.938
  111.973
   28.745
  -26.050
  -90.262
   44.062
  -46.570
  -97.224
   20.707
   40.593
  -21.433
   69.369
   59.590
    0.564
  -24.026
  -75.492
   24.400
   -2.203
   56.164
   18.697
   21.593
  -34.215
  -69.819
  -17.604
  -47.369
 -162.375
 -117.434
  -90.472
   12.045
  118.157
   80.586
  -91.988
 -183.569
 -167.547
 -132.587
 -114.291
  -48.564
  -80.790
  -18.872
  -22.242
    4.051
    9.851
   -3.549
 -114.875
  -86.865
   -1.611
   89.324
  -39.268
  -35.040
   46.850
   33.821
   -3.401
   72.906
  101.902
   52.755
  -32.431
 -137.110
  -53.241
   56.144
 -116.380
  -17.564
   -0.061
  -80.093
  -20.895
  -95.451
  -39.416
   13.538
  -90.876
