  -17.522
   47.901
   24.907
  -38.454
  -79.452
   38.701
   85.408
   31.041
  -41.997
  -22.414
   -2.856
  -20.775
  -74.280
  -82.613
  -53.980
   60.759
  126.866
  115.904
  160.077
  174.802
  171.455
  118.778
  153.225
  162.036
   85.957
  -54.940
  -25.491
  -16.096
   -6.310
  -31.175
  -53.846
  -76.779
 -133.029
  -65.828
   30.129
   10.960
   -5.430
   48.681
  113.614
   93.747
    0.917
  -27.268
   36.502
   13.900
  -10.531
  -77.011
  -66.701
  -11.911
    3.684
   28.153
   -6.240
   -4.050
  -65.399
 -101.466
  -94.887
  -89.122
  -70.260
  -75.605
  -27.332
   10.696
   34.252
  120.858
  174.724
  182.094
  114.978
  100.622
   55.755
  106.376
   78.356
   65.157
   16.385
   59.147
   59.223
  -12.386
  -54.138
   69.805
   95.843
  167.451
   56.932
   24.380
  -74.274
  -11.652
   -8.295
    2.349
    3.942
  -14.149
  -60.740
 -119.701
   12.386
   27.932
   43.172
  -10.502
   41.920
    7.960
  -68.662
 -112.946
  -77.201
  -69.488
 -113.882
 -184.606
 -168.015
  -92.512
  -71.328
  -79.773
  -99.277
  -17.607
  -34.367
  -38.548
   40.659
   57.582
   88.812
  -66.133
  -20.906
  -20.785
  -16.203
   -9.644
    3.981
   36.864
   -0.384
    5.181
   24.201
  141.546
  152.196
  172.938
   76.573
   37.986
  111.075
   93.580
  189.178
   61.631
  147.544
   96.449
  122.807
  140.455
  160.747
  143.969
   23.652
  -27.490
  -16.806
   19.490
    7.217
   87.226
   76.519
   95.374
   80.879
  102.769
   63.350
  -41.423
  -68.723
  -70.460
  -10.878
  -21.852
   -2.913
  -23.430
   -6.476
   14.174
   51.534
  108.989
  102.336
  109.282
    8.131
   66.027
  140.086
  162.878
  113.205
   13.963
   41.000
   26.837
  -12.773
  -51.482
   -8.117
  160.505
  252.405
  192.249
   51.123
  -33.000
  -86.303
  -43.668
   16.792
   26.728
  -32.675
 -136.529
  -98.964
 -108.409
  -54.130
 -101.466
  -92.848
  -51.757
  -20.332
    0.825
  -49.330
    4.295
   24.201
  141.546
  152.196
  172.938
   76.573
   37.986
  111.075
   93.580
  189.178
  115.562
  141.514
   28.441
  -36.418
  -39.641
 -132.364
 -188.817
 -270.800
 -187.127
 -181.427
 -146.063
 -164.332
 -144.312
  -98.734
  -97.969
  -48.394
  -96.282
 -110.809
 -119.359
  -62.748
   -3.599
  -25.224
 -122.944
 -139.723
  -52.185
   34.677
    3.389
  -85.694
 -155.467
 -135.704
 -108.137
  -14.575
   51.377
   91.179
   89.448
   84.437
   67.353
   45.627
   -2.416
   13.456
  -33.253
  -77.622
  -28.636
   -7.603
   12.014
 -109.137
 -137.555
 -183.266
 -139.565
 -114.035
   40.948
   64.000
  191.794
  175.006
  155.472
   87.188
    9.153
   95.851
  125.304
  114.763
   77.768
   -6.778
   15.245
   -5.401
  -27.625
  -45.126
 -109.570
  -92.529
  -68.687
  -10.843
   67.635
   75.394
   30.826
  -74.201
  -96.335
  -65.350
  -91.338
 -134.984
  -87.317
   22.265
  127.173
   94.538
   51.286
  -24.044
    7.002
  -46.652
  -24.649
  -10.848
   80.020
  138.936
   93.482
  102.412
  -17.122
  -20.404
  -27.559
   49.653
   20.645
  -28.964
  -63.759
  -59.135
  -95.857
  -71.484
   -5.783
   30.979
   48.004
  -10.171
   11.638
   -8.074
   30.339
   73.379
   64.776
   74.213
  -26.135
    8.014
   53.821
   56.681
  -45.721
 -103.770
  -13.914
   15.039
   -1.815
  -87.174
 -120.467
  -53.542
   -4.171
    4.901
  -58.712
  -15.604
  -67.792
  -96.853
 -221.739
 -168.533
 -145.853
 -106.355
 -100.093
 -114.342
 -104.406
  -52.668
   17.171
   29.480
  -10.515
  -10.740
  155.016
  210.194
  168.411
   50.505
   22.843
   15.995
 -114.534
 -177.425
 -200.778
 -190.535
 -159.393
 -207.407
 -178.152
 -117.081
  -89.365
 -121.484
 -186.913
 -111.662
 -112.499
 -118.711
 -122.614
  -57.932
   34.855
  -30.273
  -40.686
 -171.409
 -107.549
  -11.447
   62.381
   21.466
  -75.128
  -13.064
   55.367
   21.741
  -64.956
  -66.830
    8.293
   88.090
   42.158
   23.817
  -76.623
  -88.500
 -122.860
 -133.263
 -153.416
  -87.191
  -19.989
   15.176
  -14.252
   -5.755
   63.477
   87.990
  116.504
   49.204
  -33.492
 -133.515
  -96.826
  -33.481
   25.187
   32.382
   43.200
   64.967
   63.753
   32.319
    5.392
   -7.916
   -7.866
    5.579
    7.735
   57.760
  153.224
  141.150
  105.971
   58.583
   90.102
   88.169
  -20.006
   30.423
  -27.358
 -100.358
 -175.171
 -142.306
  -93.853
 -103.963
  -86.139
   30.380
  113.053
   76.580
  -21.201
 -143.880
 -156.198
  -49.063
  -33.762
   22.086
  -41.015
   10.623
   -2.846
   -7.961
  -54.012
 -102.893
  -83.374
  -49.488
    8.907
  -22.103
  -60.537
 -106.778
 -119.037
  -55.397
  -42.379
  -20.473
   -8.126
   37.705
   11.036
  -44.525
 -122.504
 -105.600
 -134.717
  -26.712
